#20 36
200020010010000000000000001000000000
000400003000000009000000800000050000
000000100000000700000000000000000005
400000010010040000000000000020000100
000000200300000000020000000001030000
400020000000000050000200000000000000
000000010010h00000000003040000000040
00000000000000000900000000000000l002
200000002000000000000000004000000000
0070040000000000003000d0000000000000
000000000010000000000000006000010000
004000000200009001000000000000000000
000006000000000000000300000000009000
m00000000000000000010000008001000000
000100060001000400000000000000000000
000020000020000010000001000000010001
000000000000000000400000200000000000
000303000200020000000800000020000030
000000000000100000000000000100000000
000000000000000030000000500000005000
